0 0 0
0 0 0
0 0 0
 0.0851575   -0.01507  0.0032645
-0.0117993 0.00504755  0.0134933
0.00365072  0.0189818  0.0970483
 0.0927533 -0.0133781  0.0153684
 -0.011123 0.00471907  0.0145664
 0.0153572  0.0212818   0.131517
  0.0960586  -0.0102364   0.0309669
-0.00912028  0.00380816   0.0135057
  0.0302213   0.0195791     0.14918
  0.0944563 -0.00547739    0.047391
-0.00599295  0.00232343  0.00986325
  0.0461736   0.0145007    0.144744
  0.0923033 -0.00649798   0.0410894
-0.00729314   0.0019727  0.00795898
  0.0397947   0.0119823    0.149868
  0.0835159 -0.00782046   0.0446962
-0.00885817   0.0016573  0.00253595
  0.0434704  0.00626293    0.126555
  0.0870967 -0.00893142   0.0316813
-0.00997647  0.00159334  0.00211379
  0.0305514  0.00564796    0.142688
  0.0941034 -0.00726365   0.0311143
-0.00820119  0.00169768  0.00631855
  0.0297924   0.0101652    0.171155
  0.0962204  -0.0088856   0.0129748
 -0.0100042  0.00134649 0.000791947
   0.012067  0.00419498    0.173951
    0.10046 -0.00708215   0.0171095
-0.00824568  0.00146817  0.00303537
  0.0157694  0.00688435    0.209992
    0.11125 -0.00701653  -0.0108186
-0.00845682  0.00114607 -0.00260568
 -0.0114071 0.000590367    0.219992
   0.104215 -0.00666156   0.0219304
-0.00821769  0.00146591  0.00100726
  0.0207017  0.00433096    0.190067
  0.253763 -0.0177501   0.071923
-0.0128728 0.00741185  0.0237379
 0.0718057  0.0284919   0.161464
   0.203821 -0.00935642   0.0762278
-0.00864059  0.00721615   0.0266057
   0.075599   0.0314552    0.181396
   0.204503 -0.00995203   0.0757294
-0.00825986  0.00681122   0.0256267
  0.0750196   0.0305889    0.181872
   0.180636 -0.00377059   0.0892623
-0.00490294  0.00633147   0.0271995
  0.0878656    0.031801     0.20498
   0.179349 -0.00329711   0.0891904
-0.00537094  0.00668771   0.0280188
   0.087979   0.0326029    0.204218
   0.180874 -0.00494389   0.0887245
-0.00518511  0.00590303     0.02558
  0.0872716   0.0303265    0.205712
    0.172015 -7.48704e-06     0.102799
 -0.00293218   0.00567492    0.0272557
    0.100812    0.0313831     0.224312
   0.172259 -0.00108486    0.102302
-0.00315961  0.00534936   0.0258118
   0.100201   0.0299921    0.224913
   0.170469 0.000490135    0.109371
-0.00268465  0.00484504    0.024699
   0.106876   0.0283467    0.235415
   0.170422 0.000370117    0.102343
-0.00345228  0.00596359    0.027951
   0.100678   0.0321228    0.223462
   0.170181  0.00144111    0.109855
-0.00258084  0.00507991    0.026003
   0.107534   0.0296601    0.234992
   0.168662  0.00172602    0.109272
-0.00309316  0.00530723   0.0266223
   0.107359    0.030357    0.234264
   0.171417 -0.00277994    0.101182
 -0.0041708  0.00496386   0.0234966
  0.0990976   0.0279676    0.225458
   0.169619 -0.00112822    0.108086
-0.00362103  0.00458859   0.0225477
   0.105595   0.0264014     0.23567
   0.168357 -0.00311855    0.106599
-0.00515104  0.00440469   0.0196544
   0.104151    0.023981    0.235965
   0.170028  -0.0049622   0.0999802
-0.00591048  0.00470028   0.0205307
  0.0978767   0.0255068     0.22613
   0.179776 -0.00688169   0.0879169
-0.00646007  0.00552129   0.0232675
  0.0864378   0.0283313    0.206629
   0.178368 -0.00941234   0.0870801
-0.00860251  0.00532176   0.0203741
  0.0855307   0.0259323    0.207602
  0.202628 -0.0140489  0.0747699
-0.0108896 0.00620651  0.0217136
 0.0738907  0.0271404   0.183912
   0.203923   -0.011578   0.0753147
-0.00903564  0.00645124   0.0239653
  0.0745158   0.0290991     0.18285
  0.250973 -0.0216145  0.0705176
  -0.01527 0.00702063  0.0207767
 0.0701795  0.0258993   0.162765
  0.201282  -0.017037  0.0744527
-0.0135271 0.00614297  0.0189396
 0.0735175  0.0247925   0.185208
  0.249101 -0.0248639  0.0702295
-0.0178841  0.0070283  0.0186246
 0.0698052   0.023882   0.163957
  0.236696 -0.0281578  0.0643947
-0.0213164   0.007345  0.0159795
 0.0640609  0.0217195   0.162166
  0.252256 -0.0191358  0.0708843
-0.0134388 0.00715476  0.0225433
 0.0706347  0.0274805   0.161752
   0.166329 0.000385681    0.104018
-0.00490345  0.00436785   0.0234817
   0.102051   0.0266975    0.232783
    0.167727 -1.29739e-05     0.104406
 -0.00456217   0.00421274    0.0228583
    0.102027    0.0260125     0.233018
   0.165573 -0.00117496   0.0980668
-0.00627937  0.00321075   0.0186696
   0.095669   0.0216383    0.230892
     0.16395 -0.000687659    0.0977716
   -0.006428   0.00331801    0.0192812
   0.0957743    0.0222822     0.231051
   0.165389 -0.00203809   0.0970763
-0.00637768  0.00308195     0.01759
  0.0945324   0.0205292    0.230327
   0.163506 -0.00188207   0.0914087
-0.00749826  0.00230001   0.0139595
  0.0890042   0.0170267    0.228717
   0.163565 -0.00275081   0.0903479
-0.00765778  0.00224477   0.0130304
  0.0878202   0.0160509    0.227764
   0.162015 -0.00277419    0.084027
-0.00820995  0.00170893  0.00854521
  0.0815066   0.0118759    0.225329
   0.161847 -0.00139035   0.0911697
-0.00752198  0.00237581   0.0145459
  0.0891571   0.0176081    0.229229
   0.161872 -0.00198436   0.0851292
-0.00807227  0.00172008  0.00931889
  0.0827261   0.0127143    0.226582
   0.160252  -0.0016409   0.0849252
-0.00807656  0.00179529  0.00987582
  0.0828957   0.0131997    0.227361
   0.162288 -0.00396085   0.0882767
-0.00815869  0.00222328   0.0115721
  0.0858468   0.0146248    0.226603
   0.160987 -0.00391439   0.0818749
-0.00864292  0.00177228   0.0073843
  0.0794958   0.0106692    0.223796
   0.159508 -0.00528428   0.0793546
-0.00941575  0.00189023  0.00577769
  0.0772252   0.0091327    0.222354
   0.160934 -0.00549811   0.0860634
-0.00913372  0.00221368  0.00956473
  0.0838178   0.0128221    0.225697
  0.164219  -0.003355  0.0952976
-0.0069924 0.00292992  0.0158456
 0.0928121  0.0188913    0.22977
   0.163141 -0.00514955   0.0933957
-0.00825038  0.00284877   0.0134615
  0.0910348   0.0168344     0.22931
   0.166802 -0.00238142    0.102181
-0.00544224  0.00377021   0.0196452
  0.0996716   0.0229627    0.232924
    0.167641 -0.000879942     0.103667
 -0.00463023   0.00399053    0.0216356
    0.101122    0.0247808     0.233028
   0.165685 -0.00432307    0.100528
-0.00689846  0.00362321   0.0169747
  0.0980858   0.0207122    0.232861
  0.113006 -0.0086025  0.0404787
-0.0101696 0.00185069 0.00496484
 0.0389788 0.00841264   0.188423
   0.105966 -0.00792912   0.0415168
-0.00904901  0.00208006  0.00778096
  0.0397771   0.0118197     0.20208
   0.133329 -0.00868395   0.0637395
 -0.0104589   0.0025074  0.00896426
    0.06187   0.0126309    0.200952
   0.102577 -0.00707798   0.0458554
-0.00791681  0.00243816   0.0104425
  0.0443299   0.0145534    0.174422
   0.125988  -0.0072705   0.0664741
-0.00859927  0.00287699   0.0120673
  0.0644219   0.0163583    0.207747
     0.1225 -0.00585327    0.066338
-0.00671987  0.00330255   0.0145071
  0.0645152   0.0191297    0.192042
    0.10286 -0.00576799   0.0504244
-0.00634853  0.00276601   0.0122554
  0.0490569   0.0168169    0.163164
   0.162969 -0.00729773   0.0980415
-0.00949317  0.00339012   0.0132338
  0.0955376   0.0175249    0.232674
    0.15557 -0.00534245   0.0985897
-0.00700099  0.00385012   0.0161849
  0.0960804   0.0211002    0.232901
   0.160736 -0.00794777   0.0906699
 -0.0106384  0.00272182   0.0101172
  0.0882884   0.0139588    0.228663
   0.158637 -0.00806191   0.0830654
 -0.0112417  0.00214082   0.0066626
  0.0808725   0.0102604    0.224626
   0.135335 -0.00885629   0.0621665
 -0.0111569  0.00202305  0.00544875
  0.0602779  0.00897981    0.207415
   0.138956 -0.00852539     0.06124
 -0.0113672   0.0017454  0.00194193
  0.0593916  0.00546185     0.21112
   0.156756 -0.00758525     0.07602
 -0.0111795   0.0018191  0.00335564
   0.073976  0.00688461    0.220898
    0.11701 -0.00806362   0.0401423
 -0.0100888  0.00159121  0.00222446
  0.0387198  0.00543624    0.187035
  0.0990617 -0.00835421   0.0378543
-0.00777978  0.00344603   0.0137712
  0.0368526   0.0192296    0.156252
  0.105291 -0.0148443  0.0154725
-0.0120575 0.00495688  0.0158701
   0.01539  0.0222035    0.13999
   0.13165 -0.0162868  0.0264611
-0.0132029  0.0054539  0.0179387
 0.0261825  0.0243726   0.161397
    0.101696   -0.0184203 -0.000895662
  -0.0141825   0.00571701    0.0156764
-0.000341126    0.0218092     0.111606
  0.145905 -0.0253362 0.00313411
-0.0193331 0.00717005  0.0183116
0.00387178  0.0248798   0.131321
   0.13817  -0.029292  -0.012445
-0.0220012 0.00807959  0.0169529
-0.0112712  0.0228465  0.0965742
  0.0866267  -0.0174299 -0.00584806
 -0.0131688  0.00505308   0.0113804
 -0.0050765   0.0154592   0.0675555
  0.161661 -0.0181051   0.042954
-0.0141721  0.0057346  0.0169466
 0.0425934  0.0228008   0.156219
   0.17812 -0.0276071  0.0232672
-0.0208062 0.00700151  0.0145441
 0.0237776  0.0197169   0.117515
   0.151419  -0.0110948    0.065362
-0.00979923  0.00483751    0.017886
  0.0640977   0.0237841    0.190958
   0.149295 -0.00674675   0.0853983
-0.00731296  0.00417723    0.017555
  0.0833467   0.0230795    0.217686
   0.123529 -0.00979636   0.0493644
-0.00912653  0.00419759   0.0166017
   0.048184   0.0222517    0.182963
   0.158147 -0.00179565   0.0779054
-0.00843609  0.00101077  0.00462482
   0.075863  0.00827711    0.225245
   0.159963 -0.00227064   0.0780127
-0.00866254  0.00104781  0.00407001
   0.075614  0.00782954     0.22414
   0.158515 -0.00184263     0.07016
-0.00844958 0.000644145 -0.00191477
  0.0677647  0.00224556    0.221807
   0.155967 -0.00126008   0.0699625
 -0.0080347 0.000601299 -0.00141659
     0.0679  0.00261612     0.22311
   0.158575 -0.00247854     0.06872
-0.00859871 0.000715526  -0.0023767
  0.0662238    0.001709    0.219993
    0.156778 -0.000724542    0.0622015
 -0.00745631  0.000713964  -0.00808556
   0.0597775  -0.00349867      0.21966
   0.157675 -0.00136112   0.0608388
-0.00767927 0.000776612 -0.00838555
  0.0583317 -0.00388983    0.217695
   0.156398 0.000478234   0.0536673
-0.00597034  0.00135958  -0.0139544
  0.0511086 -0.00904593    0.215774
      0.1537 -0.000211198    0.0619945
 -0.00700477  0.000704686  -0.00765802
   0.0598553  -0.00323583     0.221053
   0.154833 0.000955617    0.055025
-0.00579226  0.00138211  -0.0138526
  0.0525064 -0.00883113    0.217755
   0.151531  0.00121109    0.054902
-0.00548128  0.00146242  -0.0135317
  0.0526162 -0.00869042    0.219131
   0.156638 -0.00201396   0.0580338
 -0.0077328 0.000881091 -0.00867201
   0.055738  -0.0044197    0.215312
    0.156271 -7.75255e-05    0.0509456
  -0.0060054   0.00144105   -0.0139609
   0.0485959  -0.00936414     0.213329
    0.154958 -0.000702385     0.047348
 -0.00596102   0.00163599    -0.014032
    0.045447  -0.00986067     0.210787
   0.155163 -0.00282943   0.0548227
-0.00789581  0.00096527 -0.00906467
  0.0529429 -0.00509737    0.213014
